1 62.62285714285714
2 61.72489795918367
3 59.66612244897959
4 57.34530612244898
5 56.90204081632653
6 56.539591836734694
7 56.98367346938775
8 56.67755102040816
9 55.884081632653064
10 51.73795918367347
11 49.97469387755102
12 49.91102040816327
13 50.01714285714286
14 49.582857142857144
15 53.49551020408163
16 55.23020408163265
17 55.79183673469388
18 54.78775510204082
19 53.92326530612245
20 53.59183673469388
21 51.38367346938775
22 47.308571428571426
23 47.608979591836736
24 49.15428571428571
25 50.348571428571425
26 50.39265306122449
27 51.64734693877551
28 53.04571428571428
29 53.99836734693878
30 54.06040816326531
31 54.0865306122449
32 54.38040816326531
33 54.82122448979592
34 54.51183673469388
35 55.23591836734694
36 55.667755102040815
37 56.35836734693878
38 56.36571428571428
39 56.649795918367346
40 56.92408163265306
41 56.95673469387755
42 56.75020408163265
43 56.76163265306123
44 56.96489795918367
45 57.00734693877551
46 57.63183673469388
47 57.732244897959184
48 57.817959183673466
49 57.85061224489796
50 58.05061224489796
