1 83
2 83
3 82
4 80
5 80
6 80
7 80
8 80
9 79
10 79
11 79
12 79
13 72
14 72
15 72
16 72
17 72
18 72
19 72
20 69
21 69
22 69
23 69
24 69
25 69
26 68
27 68
28 68
29 66
30 66
31 66
32 66
33 66
34 63
35 63
36 63
37 62
38 62
39 62
40 62
41 62
42 62
43 62
44 62
45 62
46 62
47 62
48 62
49 62
50 62
51 62
52 62
53 62
54 62
55 62
56 62
57 62
58 62
59 62
60 62
61 62
62 62
63 62
64 62
65 62
66 62
67 62
68 62
69 62
70 62
71 62
72 62
73 62
74 62
75 62
76 62
77 62
78 62
79 62
80 62
81 62
82 62
83 62
84 62
85 62
86 62
87 62
88 62
89 62
90 62
91 62
92 62
93 62
94 62
95 62
96 62
97 62
98 62
99 62
100 62
